p cnf 30000 2345
256 0
256 2566 0
256 2565 0
256 2564 0
256 2563 0
256 2562 0
256 2561 0
246 0
246 2466 0
246 2465 0
246 2464 0
246 2463 0
246 2462 0
246 2461 0
245 0
245 2456 0
245 2455 0
245 2454 0
245 2453 0
245 2452 0
245 2451 0
236 0
236 2366 0
236 2365 0
236 2364 0
236 2363 0
236 2362 0
236 2361 0
235 0
235 2356 0
235 2355 0
235 2354 0
235 2353 0
235 2352 0
235 2351 0
234 0
234 2346 0
234 2345 0
234 2344 0
234 2343 0
234 2342 0
234 2341 0
226 0
226 2266 0
226 2265 0
226 2264 0
226 2263 0
226 2262 0
226 2261 0
225 0
225 2256 0
225 2255 0
225 2254 0
225 2253 0
225 2252 0
225 2251 0
224 0
224 2246 0
224 2245 0
224 2244 0
224 2243 0
224 2242 0
224 2241 0
223 0
223 2236 0
223 2235 0
223 2234 0
223 2233 0
223 2232 0
223 2231 0
216 0
216 2166 0
216 2165 0
216 2164 0
216 2163 0
216 2162 0
216 2161 0
215 0
215 2156 0
215 2155 0
215 2154 0
215 2153 0
215 2152 0
215 2151 0
214 0
214 2146 0
214 2145 0
214 2144 0
214 2143 0
214 2142 0
214 2141 0
213 0
213 2136 0
213 2135 0
213 2134 0
213 2133 0
213 2132 0
213 2131 0
212 0
212 2126 0
212 2125 0
212 2124 0
212 2123 0
212 2122 0
212 2121 0
156 0
156 1566 0
156 1565 0
156 1564 0
156 1563 0
156 1562 0
156 1561 0
146 0
146 1466 0
146 1465 0
146 1464 0
146 1463 0
146 1462 0
146 1461 0
145 0
145 1456 0
145 1455 0
145 1454 0
145 1453 0
145 1452 0
145 1451 0
136 0
136 1366 0
136 1365 0
136 1364 0
136 1363 0
136 1362 0
136 1361 0
135 0
135 1356 0
135 1355 0
135 1354 0
135 1353 0
135 1352 0
135 1351 0
134 0
134 1346 0
134 1345 0
134 1344 0
134 1343 0
134 1342 0
134 1341 0
126 0
126 1266 0
126 1265 0
126 1264 0
126 1263 0
126 1262 0
126 1261 0
125 0
125 1256 0
125 1255 0
125 1254 0
125 1253 0
125 1252 0
125 1251 0
124 0
124 1246 0
124 1245 0
124 1244 0
124 1243 0
124 1242 0
124 1241 0
123 0
123 1236 0
123 1235 0
123 1234 0
123 1233 0
123 1232 0
123 1231 0
116 0
116 1166 0
116 1165 0
116 1164 0
116 1163 0
116 1162 0
116 1161 0
115 0
115 1156 0
115 1155 0
115 1154 0
115 1153 0
115 1152 0
115 1151 0
114 0
114 1146 0
114 1145 0
114 1144 0
114 1143 0
114 1142 0
114 1141 0
113 0
113 1136 0
113 1135 0
113 1134 0
113 1133 0
113 1132 0
113 1131 0
112 0
112 1126 0
112 1125 0
112 1124 0
112 1123 0
112 1122 0
112 1121 0
25661 -66 -65 0
-25660 -65 0
24561 -65 -64 0
-24560 -65 0
23561 -65 -63 0
-23560 -65 0
22561 -65 -62 0
-22560 -65 0
21561 -65 -61 0
-21560 -65 0
15651 -65 -55 0
-15650 -65 0
14651 -65 -45 0
-14650 -65 0
13651 -65 -35 0
-13650 -65 0
12651 -65 -25 0
-12650 -65 0
11651 -65 -15 0
-11650 -65 0
-65 -55 -45 -35 0
-65 -55 -45 -25 0
-65 -55 -35 -25 0
-65 -45 -35 -25 0
-65 -55 -45 -15 0
-65 -55 -35 -15 0
-65 -45 -35 -15 0
-65 -55 -25 -15 0
-65 -45 -25 -15 0
-65 -35 -25 -15 0
-66 -65 -64 -63 0
-66 -65 -64 -62 0
-66 -65 -63 -62 0
-65 -64 -63 -62 0
-66 -65 -64 -61 0
-66 -65 -63 -61 0
-65 -64 -63 -61 0
-66 -65 -62 -61 0
-65 -64 -62 -61 0
-65 -63 -62 -61 0
-65 -55 -45 0
-66 -65 -64 0
-65 -64 -63 0
-65 0
65 -11651 0
1165 -11651 0
-11651 15 0
65 -12651 0
1265 -12651 0
-12651 25 0
65 -13651 0
1365 -13651 0
-13651 35 0
65 -14651 0
1465 -14651 0
-14651 45 0
65 -15651 0
1565 -15651 0
-15651 55 0
65 -21561 0
2156 -21561 0
-21561 61 0
65 -22561 0
2256 -22561 0
-22561 62 0
65 -23561 0
2356 -23561 0
-23561 63 0
65 -24561 0
2456 -24561 0
-24561 64 0
65 -25661 0
2566 -25661 0
-25661 66 0
24661 -66 -64 0
-24660 -64 0
-24560 -64 0
23461 -64 -63 0
-23460 -64 0
22461 -64 -62 0
-22460 -64 0
21461 -64 -61 0
-21460 -64 0
15641 -64 -54 0
-15640 -64 0
14641 -64 -44 0
-14640 -64 0
13641 -64 -34 0
-13640 -64 0
12641 -64 -24 0
-12640 -64 0
11641 -64 -14 0
-11640 -64 0
-64 -54 -44 -34 0
-64 -54 -44 -24 0
-64 -54 -34 -24 0
-64 -44 -34 -24 0
-64 -54 -44 -14 0
-64 -54 -34 -14 0
-64 -44 -34 -14 0
-64 -54 -24 -14 0
-64 -44 -24 -14 0
-64 -34 -24 -14 0
-66 -64 -63 -62 0
-66 -64 -63 -61 0
-66 -64 -62 -61 0
-64 -63 -62 -61 0
-64 -54 -44 0
-64 -63 -62 0
-64 0
65 64 63 0
23660 66 63 0
-23661 63 0
65 23560 63 0
64 23460 63 0
-23461 63 0
22360 63 62 0
-22361 63 0
21360 63 61 0
-21361 63 0
15630 63 53 0
-15631 63 0
14630 63 43 0
-14631 63 0
13630 63 33 0
-13631 63 0
12630 63 23 0
-12631 63 0
11630 63 13 0
-11631 63 0
63 53 43 33 0
63 53 43 23 0
63 53 33 23 0
63 43 33 23 0
63 53 43 13 0
63 53 33 13 0
63 43 33 13 0
63 53 23 13 0
63 43 23 13 0
63 33 23 13 0
65 64 66 63 0
65 66 63 62 0
64 66 63 62 0
65 64 63 62 0
65 66 63 61 0
64 66 63 61 0
65 64 63 61 0
66 63 62 61 0
65 63 62 61 0
64 63 62 61 0
63 53 43 0
64 63 62 0
63 62 61 0
63 0
-63 -11630 0
1163 -11630 0
-11630 -13 0
-63 -12630 0
1263 -12630 0
-12630 -23 0
-63 -13630 0
1363 -13630 0
-13630 -33 0
-63 -14630 0
1463 -14630 0
-14630 -43 0
-63 -15630 0
1563 -15630 0
-15630 -53 0
-63 -21360 0
2136 -21360 0
-21360 -61 0
-63 -22360 0
2236 -22360 0
-22360 -62 0
-63 -23460 0
2346 -23460 0
-63 -23560 0
2356 -23560 0
23561 23560 -2356 0
-235 -2356 -2355 -2354 -2353 -2352 -2351 0
-63 -23660 0
2366 -23660 0
-23660 -66 0
65 64 66 0
65 25660 66 0
64 24660 66 0
-24661 66 0
-23661 66 0
22660 66 62 0
-22661 66 0
21660 66 61 0
-21661 66 0
15660 66 56 0
-15661 66 0
14660 66 46 0
-14661 66 0
13660 66 36 0
-13661 66 0
12660 66 26 0
-12661 66 0
11660 66 16 0
-11661 66 0
66 56 46 36 0
66 56 46 26 0
66 56 36 26 0
66 46 36 26 0
66 56 46 16 0
66 56 36 16 0
66 46 36 16 0
66 56 26 16 0
66 46 26 16 0
66 36 26 16 0
65 64 66 62 0
65 64 66 61 0
65 66 62 61 0
64 66 62 61 0
66 56 46 0
-66 -11660 0
1166 -11660 0
-11660 -16 0
-66 -12660 0
1266 -12660 0
-12660 -26 0
-66 -13660 0
1366 -13660 0
-13660 -36 0
-66 -14660 0
1466 -14660 0
-14660 -46 0
-66 -15660 0
1566 -15660 0
-15660 -56 0
-66 -21660 0
2166 -21660 0
-21660 -61 0
-66 -22660 0
2266 -22660 0
-22660 -62 0
-63 -66 23661 0
23660 -2366 23661 0
-23661 2366 0
-66 -24660 0
2466 -24660 0
-66 -25660 0
2566 -25660 0
25661 25660 -2566 0
-256 -2566 -2565 -2564 -2563 -2562 -2561 0
64 -11641 0
1164 -11641 0
-11641 14 0
64 -12641 0
1264 -12641 0
-12641 24 0
64 -13641 0
1364 -13641 0
-13641 34 0
64 -14641 0
1464 -14641 0
-14641 44 0
64 -15641 0
1564 -15641 0
-15641 54 0
64 -21461 0
2146 -21461 0
-21461 61 0
64 -22461 0
2246 -22461 0
-22461 62 0
64 -23461 0
2346 -23461 0
23460 23461 -2346 0
-234 -2346 -2345 -2344 -2343 -2342 -2341 0
65 64 24560 0
24561 -2456 24560 0
-24560 2456 0
64 -24661 0
2466 -24661 0
24660 24661 -2466 0
-246 -2466 -2465 -2464 -2463 -2462 -2461 0
-66 22661 -62 0
-22560 -62 0
-22460 -62 0
-63 22361 -62 0
21261 -62 -61 0
-21260 -62 0
15621 -62 -52 0
-15620 -62 0
14621 -62 -42 0
-14620 -62 0
13621 -62 -32 0
-13620 -62 0
12621 -62 -22 0
-12620 -62 0
11621 -62 -12 0
-11620 -62 0
-62 -52 -42 -32 0
-62 -52 -42 -22 0
-62 -52 -32 -22 0
-62 -42 -32 -22 0
-62 -52 -42 -12 0
-62 -52 -32 -12 0
-62 -42 -32 -12 0
-62 -52 -22 -12 0
-62 -42 -22 -12 0
-62 -32 -22 -12 0
-63 -66 -62 -61 0
-62 -52 -42 0
-63 -62 -61 0
-62 0
65 64 62 61 0
-21661 61 0
65 21560 61 0
64 21460 61 0
-21361 61 0
62 21260 61 0
-21261 61 0
15610 61 51 0
-15611 61 0
14610 61 41 0
-14611 61 0
13610 61 31 0
-13611 61 0
12610 61 21 0
-12611 61 0
11610 61 11 0
-11611 61 0
61 51 41 31 0
61 51 41 21 0
61 51 31 21 0
61 41 31 21 0
61 51 41 11 0
61 51 31 11 0
61 41 31 11 0
61 51 21 11 0
61 41 21 11 0
61 31 21 11 0
61 51 41 0
-61 -11610 0
1161 -11610 0
-11610 -11 0
-61 -12610 0
1261 -12610 0
-12610 -21 0
-61 -13610 0
1361 -13610 0
-13610 -31 0
-61 -14610 0
1461 -14610 0
-14610 -41 0
-61 -15610 0
1561 -15610 0
-15610 -51 0
-61 -21260 0
2126 -21260 0
-63 -61 21361 0
21360 -2136 21361 0
-21361 2136 0
-61 -21460 0
2146 -21460 0
21461 21460 -2146 0
-214 -2146 -2145 -2144 -2143 -2142 -2141 0
-61 -21560 0
2156 -21560 0
21561 21560 -2156 0
-215 -2156 -2155 -2154 -2153 -2152 -2151 0
-66 -61 21661 0
21660 -2166 21661 0
-21661 2166 0
62 -11621 0
1162 -11621 0
-11621 12 0
62 -12621 0
1262 -12621 0
-12621 22 0
62 -13621 0
1362 -13621 0
-13621 32 0
62 -14621 0
1462 -14621 0
-14621 42 0
62 -15621 0
1562 -15621 0
-15621 52 0
62 -21261 0
2126 -21261 0
21260 21261 -2126 0
-212 -2126 -2125 -2124 -2123 -2122 -2121 0
62 -22361 0
2236 -22361 0
22360 22361 -2236 0
-223 -2236 -2235 -2234 -2233 -2232 -2231 0
64 62 22460 0
22461 -2246 22460 0
-22460 2246 0
65 62 22560 0
22561 -2256 22560 0
-22560 2256 0
62 -22661 0
2266 -22661 0
22660 22661 -2266 0
-226 -2266 -2265 -2264 -2263 -2262 -2261 0
25651 -56 -55 0
-25650 -56 0
24651 -56 -54 0
-24650 -56 0
23651 -56 -53 0
-23650 -56 0
22651 -56 -52 0
-22650 -56 0
21651 -56 -51 0
-21650 -56 0
-66 15661 -56 0
14561 -56 -46 0
-14560 -56 0
13561 -56 -36 0
-13560 -56 0
12561 -56 -26 0
-12560 -56 0
11561 -56 -16 0
-11560 -56 0
-66 -56 -46 -36 0
-66 -56 -46 -26 0
-66 -56 -36 -26 0
-56 -46 -36 -26 0
-66 -56 -46 -16 0
-66 -56 -36 -16 0
-56 -46 -36 -16 0
-66 -56 -26 -16 0
-56 -46 -26 -16 0
-56 -36 -26 -16 0
-56 -55 -54 -53 0
-56 -55 -54 -52 0
-56 -55 -53 -52 0
-56 -54 -53 -52 0
-56 -55 -54 -51 0
-56 -55 -53 -51 0
-56 -54 -53 -51 0
-56 -55 -52 -51 0
-56 -54 -52 -51 0
-56 -53 -52 -51 0
-66 -56 -46 0
-56 -46 -36 0
-56 -55 -54 0
-56 0
56 -11561 0
1156 -11561 0
-11561 16 0
56 -12561 0
1256 -12561 0
-12561 26 0
56 -13561 0
1356 -13561 0
-13561 36 0
56 -14561 0
1456 -14561 0
-14561 46 0
56 -15661 0
1566 -15661 0
15660 15661 -1566 0
-156 -1566 -1565 -1564 -1563 -1562 -1561 0
56 -21651 0
2165 -21651 0
-21651 51 0
56 -22651 0
2265 -22651 0
-22651 52 0
56 -23651 0
2365 -23651 0
-23651 53 0
56 -24651 0
2465 -24651 0
-24651 54 0
56 -25651 0
2565 -25651 0
-25651 55 0
56 25650 55 0
24550 55 54 0
-24551 55 0
23550 55 53 0
-23551 55 0
22550 55 52 0
-22551 55 0
21550 55 51 0
-21551 55 0
65 15650 55 0
14550 55 45 0
-14551 55 0
13550 55 35 0
-13551 55 0
12550 55 25 0
-12551 55 0
11550 55 15 0
-11551 55 0
65 55 45 35 0
65 55 45 25 0
65 55 35 25 0
55 45 35 25 0
65 55 45 15 0
65 55 35 15 0
55 45 35 15 0
65 55 25 15 0
55 45 25 15 0
55 35 25 15 0
56 55 54 53 0
56 55 54 52 0
56 55 53 52 0
55 54 53 52 0
56 55 54 51 0
56 55 53 51 0
55 54 53 51 0
56 55 52 51 0
55 54 52 51 0
55 53 52 51 0
65 55 45 0
55 45 35 0
56 55 54 0
55 54 53 0
55 0
-55 -11550 0
1155 -11550 0
-11550 -15 0
-55 -12550 0
1255 -12550 0
-12550 -25 0
-55 -13550 0
1355 -13550 0
-13550 -35 0
-55 -14550 0
1455 -14550 0
-14550 -45 0
-55 -15650 0
1565 -15650 0
15651 15650 -1565 0
-55 -21550 0
2155 -21550 0
-21550 -51 0
-55 -22550 0
2255 -22550 0
-22550 -52 0
-55 -23550 0
2355 -23550 0
-23550 -53 0
-55 -24550 0
2455 -24550 0
-24550 -54 0
-55 -25650 0
2565 -25650 0
25651 25650 -2565 0
56 24650 54 0
-24551 54 0
23450 54 53 0
-23451 54 0
22450 54 52 0
-22451 54 0
21450 54 51 0
-21451 54 0
64 15640 54 0
14540 54 44 0
-14541 54 0
13540 54 34 0
-13541 54 0
12540 54 24 0
-12541 54 0
11540 54 14 0
-11541 54 0
64 54 44 34 0
64 54 44 24 0
64 54 34 24 0
54 44 34 24 0
64 54 44 14 0
64 54 34 14 0
54 44 34 14 0
64 54 24 14 0
54 44 24 14 0
54 34 24 14 0
56 54 53 52 0
56 54 53 51 0
56 54 52 51 0
54 53 52 51 0
64 54 44 0
54 44 34 0
54 53 52 0
54 0
-55 -54 -53 0
-23650 -53 0
-55 23551 -53 0
-54 23451 -53 0
-23450 -53 0
22351 -53 -52 0
-22350 -53 0
21351 -53 -51 0
-21350 -53 0
-63 15631 -53 0
14531 -53 -43 0
-14530 -53 0
13531 -53 -33 0
-13530 -53 0
12531 -53 -23 0
-12530 -53 0
11531 -53 -13 0
-11530 -53 0
-63 -53 -43 -33 0
-63 -53 -43 -23 0
-63 -53 -33 -23 0
-53 -43 -33 -23 0
-63 -53 -43 -13 0
-63 -53 -33 -13 0
-53 -43 -33 -13 0
-63 -53 -23 -13 0
-53 -43 -23 -13 0
-53 -33 -23 -13 0
-55 -54 -53 -52 0
-55 -54 -53 -51 0
-55 -53 -52 -51 0
-54 -53 -52 -51 0
-63 -53 -43 0
-53 -43 -33 0
-54 -53 -52 0
-53 -52 -51 0
-53 0
53 -11531 0
1153 -11531 0
-11531 13 0
53 -12531 0
1253 -12531 0
-12531 23 0
53 -13531 0
1353 -13531 0
-13531 33 0
53 -14531 0
1453 -14531 0
-14531 43 0
53 -15631 0
1563 -15631 0
15630 15631 -1563 0
53 -21351 0
2135 -21351 0
-21351 51 0
53 -22351 0
2235 -22351 0
-22351 52 0
53 -23451 0
2345 -23451 0
53 -23551 0
2355 -23551 0
23550 23551 -2355 0
56 53 23650 0
23651 -2365 23650 0
-23650 2365 0
-54 -11540 0
1154 -11540 0
-11540 -14 0
-54 -12540 0
1254 -12540 0
-12540 -24 0
-54 -13540 0
1354 -13540 0
-13540 -34 0
-54 -14540 0
1454 -14540 0
-14540 -44 0
-54 -15640 0
1564 -15640 0
15641 15640 -1564 0
-54 -21450 0
2145 -21450 0
-21450 -51 0
-54 -22450 0
2245 -22450 0
-22450 -52 0
-54 -23450 0
2345 -23450 0
23451 23450 -2345 0
-55 -54 24551 0
24550 -2455 24551 0
-24551 2455 0
-54 -24650 0
2465 -24650 0
24651 24650 -2465 0
-22650 -52 0
-55 22551 -52 0
-54 22451 -52 0
-22350 -52 0
21251 -52 -51 0
-21250 -52 0
-15620 -52 0
14521 -52 -42 0
-14520 -52 0
13521 -52 -32 0
-13520 -52 0
12521 -52 -22 0
-12520 -52 0
11521 -52 -12 0
-11520 -52 0
-52 -42 -32 -22 0
-52 -42 -32 -12 0
-52 -42 -22 -12 0
-52 -32 -22 -12 0
-55 -54 -52 -51 0
-52 -42 -32 0
-52 0
53 52 51 0
56 53 52 51 0
56 21650 51 0
-21551 51 0
-21451 51 0
53 21350 51 0
52 21250 51 0
-21251 51 0
-15611 51 0
14510 51 41 0
-14511 51 0
13510 51 31 0
-13511 51 0
12510 51 21 0
-12511 51 0
11510 51 11 0
-11511 51 0
51 41 31 21 0
51 41 31 11 0
51 41 21 11 0
51 31 21 11 0
51 41 31 0
51 0
-61 -51 -41 0
21641 -46 -41 0
-21640 -41 0
21541 -45 -41 0
-21540 -41 0
21441 -44 -41 0
-21440 -41 0
21341 -43 -41 0
-21340 -41 0
21241 -42 -41 0
-21240 -41 0
-61 14611 -41 0
-51 14511 -41 0
-14510 -41 0
13411 -41 -31 0
-13410 -41 0
12411 -41 -21 0
-12410 -41 0
11411 -41 -11 0
-11410 -41 0
-61 -51 -41 -31 0
-61 -51 -41 -21 0
-61 -41 -31 -21 0
-51 -41 -31 -21 0
-61 -51 -41 -11 0
-61 -41 -31 -11 0
-51 -41 -31 -11 0
-61 -41 -21 -11 0
-51 -41 -21 -11 0
-41 -31 -21 -11 0
-46 -45 -44 -41 0
-46 -45 -43 -41 0
-46 -44 -43 -41 0
-45 -44 -43 -41 0
-46 -45 -42 -41 0
-46 -44 -42 -41 0
-45 -44 -42 -41 0
-46 -43 -42 -41 0
-45 -43 -42 -41 0
-44 -43 -42 -41 0
-51 -41 -31 0
-41 -31 -21 0
-43 -42 -41 0
-41 0
41 -11411 0
1141 -11411 0
-11411 11 0
41 -12411 0
1241 -12411 0
-12411 21 0
41 -13411 0
1341 -13411 0
-13411 31 0
41 -14511 0
1451 -14511 0
41 -14611 0
1461 -14611 0
14610 14611 -1461 0
-146 -1466 -1465 -1464 -1463 -1462 -1461 0
41 -21241 0
2124 -21241 0
-21241 42 0
41 -21341 0
2134 -21341 0
-21341 43 0
41 -21441 0
2144 -21441 0
-21441 44 0
41 -21541 0
2154 -21541 0
-21541 45 0
41 -21641 0
2164 -21641 0
-21641 46 0
-51 -11510 0
1151 -11510 0
-11510 -11 0
-51 -12510 0
1251 -12510 0
-12510 -21 0
-51 -13510 0
1351 -13510 0
-13510 -31 0
-51 -14510 0
1451 -14510 0
14511 14510 -1451 0
-145 -1456 -1455 -1454 -1453 -1452 -1451 0
-61 -51 15611 0
15610 -1561 15611 0
-15611 1561 0
-51 -21250 0
2125 -21250 0
-51 -21350 0
2135 -21350 0
21351 21350 -2135 0
-213 -2136 -2135 -2134 -2133 -2132 -2131 0
-54 -51 21451 0
21450 -2145 21451 0
-21451 2145 0
-55 -51 21551 0
21550 -2155 21551 0
-21551 2155 0
-51 -21650 0
2165 -21650 0
21651 21650 -2165 0
-216 -2166 -2165 -2164 -2163 -2162 -2161 0
62 52 42 0
22640 46 42 0
-22641 42 0
22540 45 42 0
-22541 42 0
22440 44 42 0
-22441 42 0
22340 43 42 0
-22341 42 0
41 21240 42 0
62 14620 42 0
52 14520 42 0
-14521 42 0
13420 42 32 0
-13421 42 0
12420 42 22 0
-12421 42 0
11420 42 12 0
-11421 42 0
62 52 42 32 0
62 52 42 22 0
62 42 32 22 0
52 42 32 22 0
62 52 42 12 0
62 42 32 12 0
52 42 32 12 0
62 42 22 12 0
52 42 22 12 0
42 32 22 12 0
46 45 44 42 0
46 45 43 42 0
46 44 43 42 0
45 44 43 42 0
41 46 45 42 0
41 46 44 42 0
41 45 44 42 0
41 46 43 42 0
41 45 43 42 0
41 44 43 42 0
52 42 32 0
42 32 22 0
44 43 42 0
41 43 42 0
42 0
-42 -11420 0
1142 -11420 0
-11420 -12 0
-42 -12420 0
1242 -12420 0
-12420 -22 0
-42 -13420 0
1342 -13420 0
-13420 -32 0
-42 -14520 0
1452 -14520 0
-42 -14620 0
1462 -14620 0
14621 14620 -1462 0
-42 -21240 0
2124 -21240 0
21241 21240 -2124 0
-42 -22340 0
2234 -22340 0
-22340 -43 0
-42 -22440 0
2244 -22440 0
-22440 -44 0
-42 -22540 0
2254 -22540 0
-22540 -45 0
-42 -22640 0
2264 -22640 0
-22640 -46 0
52 -11521 0
1152 -11521 0
-11521 12 0
52 -12521 0
1252 -12521 0
-12521 22 0
52 -13521 0
1352 -13521 0
-13521 32 0
52 -14521 0
1452 -14521 0
14520 14521 -1452 0
62 52 15620 0
15621 -1562 15620 0
-15620 1562 0
52 -21251 0
2125 -21251 0
21250 21251 -2125 0
53 52 22350 0
22351 -2235 22350 0
-22350 2235 0
52 -22451 0
2245 -22451 0
22450 22451 -2245 0
-224 -2246 -2245 -2244 -2243 -2242 -2241 0
52 -22551 0
2255 -22551 0
22550 22551 -2255 0
-225 -2256 -2255 -2254 -2253 -2252 -2251 0
56 52 22650 0
22651 -2265 22650 0
-22650 2265 0
25640 46 45 0
-25641 46 0
24640 46 44 0
-24641 46 0
23640 46 43 0
-23641 46 0
-22641 46 0
41 21640 46 0
-14661 46 0
56 14560 46 0
13460 46 36 0
-13461 46 0
12460 46 26 0
-12461 46 0
11460 46 16 0
-11461 46 0
56 46 36 26 0
56 46 36 16 0
56 46 26 16 0
46 36 26 16 0
46 45 44 43 0
41 46 45 44 0
41 46 45 43 0
41 46 44 43 0
56 46 36 0
46 36 26 0
46 45 44 0
46 0
-46 -11460 0
1146 -11460 0
-11460 -16 0
-46 -12460 0
1246 -12460 0
-12460 -26 0
-46 -13460 0
1346 -13460 0
-13460 -36 0
-46 -14560 0
1456 -14560 0
14561 14560 -1456 0
-66 -46 14661 0
14660 -1466 14661 0
-14661 1466 0
-46 -21640 0
2164 -21640 0
21641 21640 -2164 0
-42 -46 22641 0
22640 -2264 22641 0
-22641 2264 0
-46 -23640 0
2364 -23640 0
-23640 -43 0
-46 -24640 0
2464 -24640 0
-24640 -44 0
-46 -25640 0
2564 -25640 0
-25640 -45 0
-46 25641 -45 0
24541 -45 -44 0
-24540 -45 0
23541 -45 -43 0
-23540 -45 0
-42 22541 -45 0
-21540 -45 0
-14650 -45 0
-55 14551 -45 0
13451 -45 -35 0
-13450 -45 0
12451 -45 -25 0
-12450 -45 0
11451 -45 -15 0
-11450 -45 0
-55 -45 -35 -25 0
-55 -45 -35 -15 0
-55 -45 -25 -15 0
-45 -35 -25 -15 0
-46 -45 -44 -43 0
-42 -46 -45 -44 0
-42 -46 -45 -43 0
-42 -45 -44 -43 0
-55 -45 -35 0
-45 -35 -25 0
-46 -45 -44 0
-45 -44 -43 0
-45 0
45 -11451 0
1145 -11451 0
-11451 15 0
45 -12451 0
1245 -12451 0
-12451 25 0
45 -13451 0
1345 -13451 0
-13451 35 0
45 -14551 0
1455 -14551 0
14550 14551 -1455 0
65 45 14650 0
14651 -1465 14650 0
-14650 1465 0
41 45 21540 0
21541 -2154 21540 0
-21540 2154 0
45 -22541 0
2254 -22541 0
22540 22541 -2254 0
45 -23541 0
2354 -23541 0
-23541 43 0
45 -24541 0
2454 -24541 0
-24541 44 0
45 -25641 0
2564 -25641 0
25640 25641 -2564 0
25630 36 35 0
-25631 36 0
24630 36 34 0
-24631 36 0
23630 36 33 0
-23631 36 0
22630 36 32 0
-22631 36 0
21630 36 31 0
-21631 36 0
-13661 36 0
56 13560 36 0
-13461 36 0
12360 36 26 0
-12361 36 0
11360 36 16 0
-11361 36 0
56 36 26 16 0
36 35 34 33 0
36 35 34 32 0
36 35 33 32 0
36 34 33 32 0
36 35 34 31 0
36 35 33 31 0
36 34 33 31 0
36 35 32 31 0
36 34 32 31 0
36 33 32 31 0
36 26 16 0
36 35 34 0
36 0
-46 -36 -26 0
-66 -46 -36 -26 0
25621 -26 -25 0
-25620 -26 0
24621 -26 -24 0
-24620 -26 0
23621 -26 -23 0
-23620 -26 0
22621 -26 -22 0
-22620 -26 0
21621 -26 -21 0
-21620 -26 0
-66 12661 -26 0
-12560 -26 0
-46 12461 -26 0
-36 12361 -26 0
-12360 -26 0
11261 -26 -16 0
-11260 -26 0
-66 -46 -26 -16 0
-66 -36 -26 -16 0
-46 -36 -26 -16 0
-26 -25 -24 -23 0
-26 -25 -24 -22 0
-26 -25 -23 -22 0
-26 -24 -23 -22 0
-26 -25 -24 -21 0
-26 -25 -23 -21 0
-26 -24 -23 -21 0
-26 -25 -22 -21 0
-26 -24 -22 -21 0
-26 -23 -22 -21 0
-36 -26 -16 0
-26 -25 -24 0
-26 0
26 -11261 0
1126 -11261 0
-11261 16 0
26 -12361 0
1236 -12361 0
26 -12461 0
1246 -12461 0
12460 12461 -1246 0
-124 -1246 -1245 -1244 -1243 -1242 -1241 0
56 26 12560 0
12561 -1256 12560 0
-12560 1256 0
26 -12661 0
1266 -12661 0
12660 12661 -1266 0
-126 -1266 -1265 -1264 -1263 -1262 -1261 0
26 -21621 0
2162 -21621 0
-21621 21 0
26 -22621 0
2262 -22621 0
-22621 22 0
26 -23621 0
2362 -23621 0
-23621 23 0
26 -24621 0
2462 -24621 0
-24621 24 0
26 -25621 0
2562 -25621 0
-25621 25 0
-66 -46 -36 -16 0
25611 -16 -15 0
-25610 -16 0
24611 -16 -14 0
-24610 -16 0
23611 -16 -13 0
-23610 -16 0
22611 -16 -12 0
-22610 -16 0
21611 -16 -11 0
-21610 -16 0
-66 11661 -16 0
-11560 -16 0
-46 11461 -16 0
-36 11361 -16 0
-11360 -16 0
-11260 -16 0
-16 -15 -14 -13 0
-16 -15 -14 -12 0
-16 -15 -13 -12 0
-16 -14 -13 -12 0
-16 -15 -14 -11 0
-16 -15 -13 -11 0
-16 -14 -13 -11 0
-16 -15 -12 -11 0
-16 -14 -12 -11 0
-16 -13 -12 -11 0
-16 -15 -14 0
-16 0
26 16 11260 0
11261 -1126 11260 0
-11260 1126 0
16 -11361 0
1136 -11361 0
16 -11461 0
1146 -11461 0
11460 11461 -1146 0
-114 -1146 -1145 -1144 -1143 -1142 -1141 0
56 16 11560 0
11561 -1156 11560 0
-11560 1156 0
16 -11661 0
1166 -11661 0
11660 11661 -1166 0
-116 -1166 -1165 -1164 -1163 -1162 -1161 0
16 -21611 0
2161 -21611 0
-21611 11 0
16 -22611 0
2261 -22611 0
-22611 12 0
16 -23611 0
2361 -23611 0
-23611 13 0
16 -24611 0
2461 -24611 0
-24611 14 0
16 -25611 0
2561 -25611 0
-25611 15 0
-36 -11360 0
1136 -11360 0
11361 11360 -1136 0
-113 -1136 -1135 -1134 -1133 -1132 -1131 0
-36 -12360 0
1236 -12360 0
12361 12360 -1236 0
-123 -1236 -1235 -1234 -1233 -1232 -1231 0
-46 -36 13461 0
13460 -1346 13461 0
-13461 1346 0
-36 -13560 0
1356 -13560 0
13561 13560 -1356 0
-135 -1356 -1355 -1354 -1353 -1352 -1351 0
-66 -36 13661 0
13660 -1366 13661 0
-13661 1366 0
-36 -21630 0
2163 -21630 0
-21630 -31 0
-36 -22630 0
2263 -22630 0
-22630 -32 0
-36 -23630 0
2363 -23630 0
-23630 -33 0
-36 -24630 0
2463 -24630 0
-24630 -34 0
-36 -25630 0
2563 -25630 0
-25630 -35 0
-24631 34 0
24530 35 34 0
-24531 34 0
23430 34 33 0
-23431 34 0
22430 34 32 0
-22431 34 0
21430 34 31 0
-21431 34 0
64 13640 34 0
-13541 34 0
13440 44 34 0
-13441 34 0
12340 34 24 0
-12341 34 0
11340 34 14 0
-11341 34 0
64 44 34 24 0
64 44 34 14 0
64 34 24 14 0
44 34 24 14 0
35 34 33 32 0
35 34 33 31 0
35 34 32 31 0
34 33 32 31 0
44 34 24 0
34 24 14 0
35 34 33 0
34 33 32 0
34 0
-36 -34 -35 0
-36 25631 -35 0
-34 24531 -35 0
-24530 -35 0
23531 -35 -33 0
-23530 -35 0
22531 -35 -32 0
-22530 -35 0
21531 -35 -31 0
-21530 -35 0
-13650 -35 0
-55 13551 -35 0
-13450 -35 0
12351 -35 -25 0
-12350 -35 0
11351 -35 -15 0
-11350 -35 0
-55 -35 -25 -15 0
-36 -34 -35 -33 0
-36 -34 -35 -32 0
-36 -35 -33 -32 0
-34 -35 -33 -32 0
-36 -34 -35 -31 0
-36 -35 -33 -31 0
-34 -35 -33 -31 0
-36 -35 -32 -31 0
-34 -35 -32 -31 0
-35 -33 -32 -31 0
-35 -25 -15 0
-34 -35 -33 0
45 35 25 0
65 45 35 25 0
26 25620 25 0
24520 25 24 0
-24521 25 0
23520 25 23 0
-23521 25 0
22520 25 22 0
-22521 25 0
21520 25 21 0
-21521 25 0
65 12650 25 0
-12551 25 0
45 12450 25 0
35 12350 25 0
-12351 25 0
11250 25 15 0
-11251 25 0
65 45 25 15 0
65 35 25 15 0
45 35 25 15 0
26 25 24 23 0
26 25 24 22 0
26 25 23 22 0
25 24 23 22 0
26 25 24 21 0
26 25 23 21 0
25 24 23 21 0
26 25 22 21 0
25 24 22 21 0
25 23 22 21 0
35 25 15 0
26 25 24 0
25 24 23 0
25 0
-25 -11250 0
1125 -11250 0
-11250 -15 0
-25 -12350 0
1235 -12350 0
-25 -12450 0
1245 -12450 0
12451 12450 -1245 0
-55 -25 12551 0
12550 -1255 12551 0
-12551 1255 0
-25 -12650 0
1265 -12650 0
12651 12650 -1265 0
-25 -21520 0
2152 -21520 0
-21520 -21 0
-25 -22520 0
2252 -22520 0
-22520 -22 0
-25 -23520 0
2352 -23520 0
-23520 -23 0
-25 -24520 0
2452 -24520 0
-24520 -24 0
-25 -25620 0
2562 -25620 0
25621 25620 -2562 0
65 45 35 15 0
16 25610 15 0
24510 15 14 0
-24511 15 0
23510 15 13 0
-23511 15 0
22510 15 12 0
-22511 15 0
21510 15 11 0
-21511 15 0
65 11650 15 0
-11551 15 0
45 11450 15 0
35 11350 15 0
-11351 15 0
-11251 15 0
16 15 14 13 0
16 15 14 12 0
16 15 13 12 0
15 14 13 12 0
16 15 14 11 0
16 15 13 11 0
15 14 13 11 0
16 15 12 11 0
15 14 12 11 0
15 13 12 11 0
16 15 14 0
15 14 13 0
15 0
-25 -15 11251 0
11250 -1125 11251 0
-11251 1125 0
-15 -11350 0
1135 -11350 0
-15 -11450 0
1145 -11450 0
11451 11450 -1145 0
-55 -15 11551 0
11550 -1155 11551 0
-11551 1155 0
-15 -11650 0
1165 -11650 0
11651 11650 -1165 0
-15 -21510 0
2151 -21510 0
-21510 -11 0
-15 -22510 0
2251 -22510 0
-22510 -12 0
-15 -23510 0
2351 -23510 0
-23510 -13 0
-15 -24510 0
2451 -24510 0
-24510 -14 0
-15 -25610 0
2561 -25610 0
25611 25610 -2561 0
35 -11351 0
1135 -11351 0
11350 11351 -1135 0
35 -12351 0
1235 -12351 0
12350 12351 -1235 0
45 35 13450 0
13451 -1345 13450 0
-13450 1345 0
35 -13551 0
1355 -13551 0
13550 13551 -1355 0
65 35 13650 0
13651 -1365 13650 0
-13650 1365 0
35 -21531 0
2153 -21531 0
-21531 31 0
35 -22531 0
2253 -22531 0
-22531 32 0
35 -23531 0
2353 -23531 0
-23531 33 0
35 -24531 0
2453 -24531 0
35 -25631 0
2563 -25631 0
25630 25631 -2563 0
-54 -34 -44 0
-46 24641 -44 0
-24540 -44 0
23441 -44 -43 0
-23440 -44 0
-42 22441 -44 0
-21440 -44 0
-14640 -44 0
-54 14541 -44 0
-34 13441 -44 0
-13440 -44 0
12441 -44 -24 0
-12440 -44 0
11441 -44 -14 0
-11440 -44 0
-54 -34 -44 -24 0
-54 -34 -44 -14 0
-54 -44 -24 -14 0
-34 -44 -24 -14 0
-42 -46 -44 -43 0
-34 -44 -24 0
-42 -44 -43 0
45 44 43 0
41 45 44 43 0
-23641 43 0
45 23540 43 0
44 23440 43 0
-23441 43 0
-22341 43 0
41 21340 43 0
-14631 43 0
53 14530 43 0
13430 43 33 0
-13431 43 0
12430 43 23 0
-12431 43 0
11430 43 13 0
-11431 43 0
53 43 33 23 0
53 43 33 13 0
53 43 23 13 0
43 33 23 13 0
53 43 33 0
43 33 23 0
-43 -11430 0
1143 -11430 0
-11430 -13 0
-43 -12430 0
1243 -12430 0
-12430 -23 0
-43 -13430 0
1343 -13430 0
-13430 -33 0
-43 -14530 0
1453 -14530 0
14531 14530 -1453 0
-63 -43 14631 0
14630 -1463 14631 0
-14631 1463 0
-43 -21340 0
2134 -21340 0
21341 21340 -2134 0
-42 -43 22341 0
22340 -2234 22341 0
-22341 2234 0
-43 -23440 0
2344 -23440 0
-43 -23540 0
2354 -23540 0
23541 23540 -2354 0
-46 -43 23641 0
23640 -2364 23641 0
-23641 2364 0
44 -11441 0
1144 -11441 0
-11441 14 0
44 -12441 0
1244 -12441 0
-12441 24 0
44 -13441 0
1344 -13441 0
44 -14541 0
1454 -14541 0
14540 14541 -1454 0
64 44 14640 0
14641 -1464 14640 0
-14640 1464 0
41 44 21440 0
21441 -2144 21440 0
-21440 2144 0
44 -22441 0
2244 -22441 0
22440 22441 -2244 0
44 -23441 0
2344 -23441 0
23440 23441 -2344 0
45 44 24540 0
24541 -2454 24540 0
-24540 2454 0
44 -24641 0
2464 -24641 0
24640 24641 -2464 0
-34 -11340 0
1134 -11340 0
-11340 -14 0
-34 -12340 0
1234 -12340 0
-12340 -24 0
-34 -13440 0
1344 -13440 0
13441 13440 -1344 0
-134 -1346 -1345 -1344 -1343 -1342 -1341 0
-54 -34 13541 0
13540 -1354 13541 0
-13541 1354 0
-34 -13640 0
1364 -13640 0
13641 13640 -1364 0
-136 -1366 -1365 -1364 -1363 -1362 -1361 0
-34 -21430 0
2143 -21430 0
-21430 -31 0
-34 -22430 0
2243 -22430 0
-22430 -32 0
-34 -23430 0
2343 -23430 0
-23430 -33 0
-34 -24530 0
2453 -24530 0
24531 24530 -2453 0
-245 -2456 -2455 -2454 -2453 -2452 -2451 0
-36 -34 24631 0
24630 -2463 24631 0
-24631 2463 0
-36 23631 -33 0
-23530 -33 0
-34 23431 -33 0
22331 -33 -32 0
-22330 -33 0
21331 -33 -31 0
-21330 -33 0
-63 13631 -33 0
-13530 -33 0
-43 13431 -33 0
12331 -33 -23 0
-12330 -33 0
11331 -33 -13 0
-11330 -33 0
-63 -43 -33 -23 0
-63 -43 -33 -13 0
-63 -33 -23 -13 0
-43 -33 -23 -13 0
-36 -34 -33 -32 0
-36 -34 -33 -31 0
-36 -33 -32 -31 0
-34 -33 -32 -31 0
-43 -33 -23 0
-33 -23 -13 0
-34 -33 -32 0
-33 -32 -31 0
-33 0
33 -11331 0
1133 -11331 0
-11331 13 0
33 -12331 0
1233 -12331 0
-12331 23 0
33 -13431 0
1343 -13431 0
13430 13431 -1343 0
53 33 13530 0
13531 -1353 13530 0
-13530 1353 0
33 -13631 0
1363 -13631 0
13630 13631 -1363 0
33 -21331 0
2133 -21331 0
-21331 31 0
33 -22331 0
2233 -22331 0
-22331 32 0
33 -23431 0
2343 -23431 0
23430 23431 -2343 0
35 33 23530 0
23531 -2353 23530 0
-23530 2353 0
33 -23631 0
2363 -23631 0
23630 23631 -2363 0
-236 -2366 -2365 -2364 -2363 -2362 -2361 0
-36 22631 -32 0
-22530 -32 0
-34 22431 -32 0
-22330 -32 0
21231 -32 -31 0
-21230 -32 0
-13620 -32 0
-13520 -32 0
-42 13421 -32 0
12321 -32 -22 0
-12320 -32 0
11321 -32 -12 0
-11320 -32 0
-42 -32 -22 -12 0
-36 -34 -32 -31 0
-42 -32 -22 0
-32 -22 -12 0
-32 0
33 32 31 0
35 33 32 31 0
-21631 31 0
35 21530 31 0
-21431 31 0
33 21330 31 0
32 21230 31 0
-21231 31 0
-13611 31 0
-13511 31 0
41 13410 31 0
12310 31 21 0
-12311 31 0
11310 31 11 0
-11311 31 0
41 31 21 11 0
41 31 21 0
31 21 11 0
-61 -51 -31 -11 0
-21610 -11 0
-15 21511 -11 0
21411 -14 -11 0
-21410 -11 0
21311 -13 -11 0
-21310 -11 0
21211 -12 -11 0
-21210 -11 0
-61 11611 -11 0
-51 11511 -11 0
-11410 -11 0
-31 11311 -11 0
-11310 -11 0
11211 -21 -11 0
-11210 -11 0
-61 -51 -21 -11 0
-61 -31 -21 -11 0
-51 -31 -21 -11 0
-15 -14 -13 -11 0
-15 -14 -12 -11 0
-15 -13 -12 -11 0
-14 -13 -12 -11 0
-31 -21 -11 0
-13 -12 -11 0
-11 0
11 -11211 0
1121 -11211 0
-11211 21 0
11 -11311 0
1131 -11311 0
41 11 11410 0
11411 -1141 11410 0
-11410 1141 0
11 -11511 0
1151 -11511 0
11510 11511 -1151 0
-115 -1156 -1155 -1154 -1153 -1152 -1151 0
11 -11611 0
1161 -11611 0
11610 11611 -1161 0
11 -21211 0
2121 -21211 0
-21211 12 0
11 -21311 0
2131 -21311 0
-21311 13 0
11 -21411 0
2141 -21411 0
-21411 14 0
11 -21511 0
2151 -21511 0
21510 21511 -2151 0
16 11 21610 0
21611 -2161 21610 0
-21610 2161 0
-61 -51 -31 -21 0
-21620 -21 0
-25 21521 -21 0
21421 -24 -21 0
-21420 -21 0
21321 -23 -21 0
-21320 -21 0
21221 -22 -21 0
-21220 -21 0
-61 12611 -21 0
-51 12511 -21 0
-12410 -21 0
-31 12311 -21 0
-12310 -21 0
-11210 -21 0
-25 -24 -23 -21 0
-25 -24 -22 -21 0
-25 -23 -22 -21 0
-24 -23 -22 -21 0
-23 -22 -21 0
-21 0
11 21 11210 0
11211 -1121 11210 0
-11210 1121 0
21 -12311 0
1231 -12311 0
41 21 12410 0
12411 -1241 12410 0
-12410 1241 0
21 -12511 0
1251 -12511 0
12510 12511 -1251 0
-125 -1256 -1255 -1254 -1253 -1252 -1251 0
21 -12611 0
1261 -12611 0
12610 12611 -1261 0
21 -21221 0
2122 -21221 0
-21221 22 0
21 -21321 0
2132 -21321 0
-21321 23 0
21 -21421 0
2142 -21421 0
-21421 24 0
21 -21521 0
2152 -21521 0
21520 21521 -2152 0
26 21 21620 0
21621 -2162 21620 0
-21620 2162 0
-31 -11310 0
1131 -11310 0
11311 11310 -1131 0
-31 -12310 0
1231 -12310 0
12311 12310 -1231 0
-31 -13410 0
1341 -13410 0
13411 13410 -1341 0
-51 -31 13511 0
13510 -1351 13511 0
-13511 1351 0
-61 -31 13611 0
13610 -1361 13611 0
-13611 1361 0
-31 -21230 0
2123 -21230 0
-31 -21330 0
2133 -21330 0
21331 21330 -2133 0
-34 -31 21431 0
21430 -2143 21431 0
-21431 2143 0
-31 -21530 0
2153 -21530 0
21531 21530 -2153 0
-36 -31 21631 0
21630 -2163 21631 0
-21631 2163 0
62 52 32 12 0
16 22610 12 0
-22511 12 0
22410 14 12 0
-22411 12 0
22310 13 12 0
-22311 12 0
11 21210 12 0
62 11620 12 0
52 11520 12 0
-11421 12 0
32 11320 12 0
-11321 12 0
11220 22 12 0
-11221 12 0
62 52 22 12 0
62 32 22 12 0
52 32 22 12 0
16 14 13 12 0
16 11 14 12 0
16 11 13 12 0
11 14 13 12 0
32 22 12 0
14 13 12 0
11 13 12 0
12 0
-12 -11220 0
1122 -11220 0
-11220 -22 0
-12 -11320 0
1132 -11320 0
-42 -12 11421 0
11420 -1142 11421 0
-11421 1142 0
-12 -11520 0
1152 -11520 0
11521 11520 -1152 0
-12 -11620 0
1162 -11620 0
11621 11620 -1162 0
-12 -21210 0
2121 -21210 0
21211 21210 -2121 0
-12 -22310 0
2231 -22310 0
-22310 -13 0
-12 -22410 0
2241 -22410 0
-22410 -14 0
-15 -12 22511 0
22510 -2251 22511 0
-22511 2251 0
-12 -22610 0
2261 -22610 0
22611 22610 -2261 0
62 52 32 22 0
26 22620 22 0
-22521 22 0
22420 24 22 0
-22421 22 0
22320 23 22 0
-22321 22 0
21 21220 22 0
62 12620 22 0
52 12520 22 0
-12421 22 0
32 12320 22 0
-12321 22 0
-11221 22 0
26 24 23 22 0
26 21 24 22 0
26 21 23 22 0
21 24 23 22 0
24 23 22 0
21 23 22 0
22 0
-12 -22 11221 0
11220 -1122 11221 0
-11221 1122 0
-22 -12320 0
1232 -12320 0
-42 -22 12421 0
12420 -1242 12421 0
-12421 1242 0
-22 -12520 0
1252 -12520 0
12521 12520 -1252 0
-22 -12620 0
1262 -12620 0
12621 12620 -1262 0
-22 -21220 0
2122 -21220 0
21221 21220 -2122 0
-22 -22320 0
2232 -22320 0
-22320 -23 0
-22 -22420 0
2242 -22420 0
-22420 -24 0
-25 -22 22521 0
22520 -2252 22521 0
-22521 2252 0
-22 -22620 0
2262 -22620 0
22621 22620 -2262 0
32 -11321 0
1132 -11321 0
11320 11321 -1132 0
32 -12321 0
1232 -12321 0
12320 12321 -1232 0
32 -13421 0
1342 -13421 0
13420 13421 -1342 0
52 32 13520 0
13521 -1352 13520 0
-13520 1352 0
62 32 13620 0
13621 -1362 13620 0
-13620 1362 0
32 -21231 0
2123 -21231 0
21230 21231 -2123 0
33 32 22330 0
22331 -2233 22330 0
-22330 2233 0
32 -22431 0
2243 -22431 0
22430 22431 -2243 0
35 32 22530 0
22531 -2253 22530 0
-22530 2253 0
32 -22631 0
2263 -22631 0
22630 22631 -2263 0
26 24620 24 0
-24521 24 0
23420 24 23 0
-23421 24 0
-22421 24 0
21 21420 24 0
64 12640 24 0
-12541 24 0
44 12440 24 0
-12341 24 0
11240 24 14 0
-11241 24 0
64 44 24 14 0
26 21 24 23 0
24 0
-22 -24 -23 0
-25 -24 -23 0
-25 -22 -24 -23 0
-23620 -23 0
-25 23521 -23 0
-24 23421 -23 0
-23420 -23 0
-22 22321 -23 0
-21320 -23 0
-63 12631 -23 0
-12530 -23 0
-43 12431 -23 0
-12330 -23 0
11231 -23 -13 0
-11230 -23 0
-63 -43 -23 -13 0
-23 0
33 23 13 0
53 33 23 13 0
16 23610 13 0
-23511 13 0
23410 14 13 0
-23411 13 0
-22311 13 0
11 21310 13 0
-11631 13 0
53 11530 13 0
-11431 13 0
33 11330 13 0
23 11230 13 0
-11231 13 0
16 11 14 13 0
13 0
-12 -13 -14 0
-15 -13 -14 0
-15 -12 -13 -14 0
-34 -24 -14 0
-54 -34 -24 -14 0
-24610 -14 0
-15 24511 -14 0
-13 23411 -14 0
-23410 -14 0
-12 22411 -14 0
-21410 -14 0
-11640 -14 0
-54 11541 -14 0
-11440 -14 0
-34 11341 -14 0
-24 11241 -14 0
-11240 -14 0
14 -11241 0
1124 -11241 0
14 -11341 0
1134 -11341 0
11340 11341 -1134 0
44 14 11440 0
11441 -1144 11440 0
-11440 1144 0
14 -11541 0
1154 -11541 0
11540 11541 -1154 0
64 14 11640 0
11641 -1164 11640 0
-11640 1164 0
11 14 21410 0
21411 -2141 21410 0
-21410 2141 0
14 -22411 0
2241 -22411 0
22410 22411 -2241 0
14 -23411 0
2341 -23411 0
14 -24511 0
2451 -24511 0
24510 24511 -2451 0
16 14 24610 0
24611 -2461 24610 0
-24610 2461 0
-13 -11230 0
1123 -11230 0
-13 -11330 0
1133 -11330 0
11331 11330 -1133 0
-43 -13 11431 0
11430 -1143 11431 0
-11431 1143 0
-13 -11530 0
1153 -11530 0
11531 11530 -1153 0
-63 -13 11631 0
11630 -1163 11631 0
-11631 1163 0
-13 -21310 0
2131 -21310 0
21311 21310 -2131 0
-12 -13 22311 0
22310 -2231 22311 0
-22311 2231 0
-13 -23410 0
2341 -23410 0
23411 23410 -2341 0
-15 -13 23511 0
23510 -2351 23511 0
-23511 2351 0
-13 -23610 0
2361 -23610 0
23611 23610 -2361 0
23 -11231 0
1123 -11231 0
11230 11231 -1123 0
-112 -1126 -1125 -1121 -1122 -1124 -1123 0
33 23 12330 0
12331 -1233 12330 0
-12330 1233 0
23 -12431 0
1243 -12431 0
12430 12431 -1243 0
53 23 12530 0
12531 -1253 12530 0
-12530 1253 0
23 -12631 0
1263 -12631 0
12630 12631 -1263 0
21 23 21320 0
21321 -2132 21320 0
-21320 2132 0
23 -22321 0
2232 -22321 0
22320 22321 -2232 0
23 -23421 0
2342 -23421 0
23 -23521 0
2352 -23521 0
23520 23521 -2352 0
26 23 23620 0
23621 -2362 23620 0
-23620 2362 0
-24 -11240 0
1124 -11240 0
11241 11240 -1124 0
-34 -24 12341 0
12340 -1234 12341 0
-12341 1234 0
-24 -12440 0
1244 -12440 0
12441 12440 -1244 0
-54 -24 12541 0
12540 -1254 12541 0
-12541 1254 0
-24 -12640 0
1264 -12640 0
12641 12640 -1264 0
-24 -21420 0
2142 -21420 0
21421 21420 -2142 0
-22 -24 22421 0
22420 -2242 22421 0
-22421 2242 0
-24 -23420 0
2342 -23420 0
23421 23420 -2342 0
-25 -24 24521 0
24520 -2452 24521 0
-24521 2452 0
-24 -24620 0
2462 -24620 0
24621 24620 -2462 0
